D = [0.09573570091062061, -0.19067638201212603, -0.0017850193155824474, -0.0054176352684103726, 0.0]
K = [916.8349840410752, 0.0, 648.056541302899, 0.0, 915.2415690681291, 351.76282926562754, 0.0, 0.0, 1.0]
R = [1.0, 0.0, 0.0, 0.0, 1.0, 0.0, 0.0, 0.0, 1.0]
P = [918.2041015625, 0.0, 640.8941615112126, 0.0, 0.0, 929.522705078125, 350.8049538726482, 0.0, 0.0, 0.0, 1.0, 0.0]
None
# oST version 5.0 parameters


[image]

width
1280

height
720

[narrow_stereo]

camera matrix
916.834984 0.000000 648.056541
0.000000 915.241569 351.762829
0.000000 0.000000 1.000000

distortion
0.095736 -0.190676 -0.001785 -0.005418 0.000000

rectification
1.000000 0.000000 0.000000
0.000000 1.000000 0.000000
0.000000 0.000000 1.000000

projection
918.204102 0.000000 640.894162 0.000000
0.000000 929.522705 350.804954 0.000000
0.000000 0.000000 1.000000 0.000000

